68.3707 39.0844 -0.24 2.67 0.9 0.97 0 SRYA
68.5322 38.3344 -5.5 5.42 0.25 0.17 0 LNSA
68.5322 38.3344 -7.05 2.65 0.13 0.09 0 LNSB
68.5446 39.3892 3.04 1.31 1.79 0.87 0 AINA
68.6096 38.7416 -0.95 2.5 0.96 1.48 0 TDPA
68.6163 37.9344 -6.35 2.07 0.37 0.34 0 GANA
68.6673 37.3726 -9.49 0.02 3.02 1.47 0 DUSB
68.8587 39.1123 1.57 6.15 0.61 1.13 0 YGNA
69.1845 38.4673 -9.34 4.18 1.74 1.43 0 GF21
69.1992 38.0366 -12.15 4.14 0.6 0.85 0 LAKA
69.2227 38.3931 -14.62 4.74 0.45 0.56 0 CHRA
69.2227 38.3931 -11.4 3.35 0.05 0.21 0 CHRB
69.2454 38.3459 -6.96 6.73 0.99 0.63 0 GF20
69.2773 38.853 -2.37 5.69 1.43 1.21 0 OBGA
69.4213 38.5852 -0.89 2.43 1.57 0.41 0 T120
69.5762 37.9839 -5 5.97 1.23 0.36 0 GF19
69.8192 37.9229 -17.47 7.24 0.16 0.58 0 KULC
69.8604 38.0061 -15.22 6 0.86 0.75 0 GF18
69.9355 38.9064 -2.18 3.36 0.88 1.35 0 GF07
70.0563 38.8691 -2.85 6.97 0.39 0.3 0 T200
70.1721 37.9496 -13.48 8.85 2.5 0.68 0 GF17
70.1889 38.834 -15.43 1.37 1.44 1.02 0 GF06
70.1893 39.1908 -0.48 3.56 1.7 0.62 0 GF08
70.2012 39.1204 -1.16 4.32 1.19 0.36 0 T170
70.2383 38.7988 -16.8 5.35 0.93 0.82 0 GF01
70.2924 40.194 -1.36 5.42 0.32 0.48 0 CAP1
70.3262 38.777 -19.6 5.38 2.29 2.06 0 GF05
70.3533 38.7334 -19.42 8.05 2.26 1.84 0 GF04
70.4101 40.7698 -1.83 2.92 0.31 0.26 0 SH01
70.4449 38.1034 -10.08 17.38 1.93 1.11 0 GF16
70.5507 40.0581 0.25 3.2 0.29 0.29 0 SHU0
70.6252 38.7486 -17.36 8.98 2.18 1.1 0 GF03
70.7105 38.6884 -13.46 9.42 1.28 1.2 0 GF02
70.7643 38.5774 -10.99 11.94 1.34 1.03 0 GF11
70.8109 38.4467 -6.12 14.18 2.76 1.72 0 GF12
70.851 39.2238 -3.96 7.19 0.76 0.23 0 KHAA
70.9461 38.8961 -13.14 11.84 0.49 0.5 0 SHKA
70.9462 38.8959 -11.48 10.58 0.29 0.64 0 SHKC
71.028 38.4664 -5.8 11.22 5.32 3.49 0 GF13
71.2328 38.4041 -10.67 12.71 0.53 0.99 0 PISH
71.2691 38.3146 -14.51 19.17 1.45 1.77 0 GF14
71.3 39.2458 -4.27 9.92 0.92 0.6 0 JIR0
71.3366 39.2414 -5.02 6.16 1.24 2.13 0 LHSA
71.385 38.1908 -19.83 14.89 2.71 4.76 0 GF15
71.5789 37.4966 -8.97 13.28 0.37 0.65 0 DASH
71.6116 36.73 -9.62 14.6 0.6 0.64 0 ISHA
71.6333 36.7264 -8.39 15.11 0.51 0.69 0 RIN0
71.663 38.0032 -11.24 13.35 1 0.95 0 T270
71.6644 37.8407 -10.44 14.32 0.14 0.26 0 KHUF
71.6751 38.5181 -10.57 15.11 0.98 0.45 0 SEDA
71.7778 37.297 -9.3 17.38 0.33 0.25 0 BRAO
71.9228 38.0954 -9.6 15.04 0.39 0.79 0 DRJA
72.3658 37.3756 -6.38 16.83 0.27 0.29 0 JAVS
72.4832 38.3114 -8.73 16.82 0.12 0.4 0 BRCB
72.6679 39.4947 -1.79 7.56 0.59 0.68 0 BRDB
72.7637 39.9176 0 0 0 0 0 RRAB
73.1058 38.5538 -5.93 17.95 0.45 0.7 0 ATSA
73.1201 37.4611 -5.31 18.85 0.57 0.63 0 ABLA
73.1923 37.6744 -5.16 19.25 0.5 0.61 0 SASI
73.2297 39.7985 1.06 8.03 1.31 2.59 0 KG2B
73.2433 39.6398 5.88 4.17 0.44 0.33 0 KOKD
73.2797 38.9024 -5.9 15.83 0.71 0.77 0 AJLA
73.4151 37.7933 -4.97 19.51 0.59 0.82 0 BZRA
73.4259 39.9251 1.39 3.06 1.63 1.52 0 KG3B
73.427 39.2259 -6.16 15.03 1.27 1.25 0 UBLA
73.4595 38.9564 -5.22 18.35 0.26 0.3 0 KRKA
73.6177 38.5603 -6.04 19.59 0.98 0.22 0 AKBA
73.6379 38.1458 -5.41 20.14 0.67 1.48 0 MADA
73.7849 37.6781 -5.69 20.31 0.62 0.36 0 GURU
74.0612 37.5229 -5.48 19.99 1.72 1 0 YNGA
74.1846 37.8356 -4.93 19.7 1.09 1.1 0 STSA
74.4227 37.5203 -4.47 21.72 0.48 0.32 0 SALA
74.4273 38.0619 -5.23 19.98 0.38 0.49 0 KASH
74.8144 37.4723 -3.86 21.59 0.28 0.58 0 KOZI
74.8284 37.5402 -3.39 20.65 0.38 0.3 0 SHMA
